#1
double velocity(52,2) 
0		0.000
10		0.000
15		4.167
20		4.167
25		8.333
40		8.333
50		11.111
70		4.167
80		1.389
100		5.556
120		5.556
130		0.000
150		0.000
160		5.556
170		5.556
180		0.000
200		0.000
200		0.000
210		0.000
215		4.167
220		4.167
225		8.333
240		8.333
260		13.889
270		4.167
280		1.389
300		5.556
320		5.556
330		0.000
350		0.000
360		5.556
370		5.556
380		0.000
400		0.000
410		0.000
415		4.167
420		4.167
430		8.333
445		8.333
500		19.444
575   19.444
600		16.667
620		11.111
630		5.556
640		0.000
650		0.000
665		8.333
700		8.333
710   4.167
750   4.167
760		0.000
800		0.000
